-493214.443076886585914 114.662492908887231 0.656500262064168
 26        0      0.000000000000000      0.000000000000000      0.000000000000000     25.531508     2.970253      0.000000000000000      0.000000000000000      1.000000000000000   -1.00      0.000000000000000      0.000000000000000      0.000000000000000    0.0000      0.000000000000000      0.000000000000000      1.000000000000000
 26        1      2.609000000000000      2.609000000000000      3.529000000000000     25.609722     2.876073      0.000000000000000      0.000000000000000      1.000000000000000   -1.00      0.000000000000000      0.000000000000000      0.000000000000000    0.0000      0.000000000000000      0.000000000000000      1.000000000000000
 26        2      5.218000000000000      0.000000000000000      0.000000000000000     25.552660     2.934400      0.000000000000000      0.000000000000000      1.000000000000000   -1.00      0.000000000000000      0.000000000000000      0.000000000000000    0.0000      0.000000000000000      0.000000000000000      1.000000000000000
 26        3      7.827000000000000      2.609000000000000      3.529000000000000     25.419173     3.079780      0.000000000000000      0.000000000000000      1.000000000000000   -1.00      0.000000000000000      0.000000000000000      0.000000000000000    0.0000      0.000000000000000      0.000000000000000      1.000000000000000
 78        4      0.000000000000000      5.218000000000000      0.000000000000000     78.762750     0.082015      0.000000000000000      0.000000000000000      1.000000000000000   -1.00      0.000000000000000      0.000000000000000      0.000000000000000    0.0000      0.000000000000000      0.000000000000000      1.000000000000000
 26        5      2.609000000000000      7.827000000000000      3.529000000000000     25.559301     2.930794      0.000000000000000      0.000000000000000      1.000000000000000   -1.00      0.000000000000000      0.000000000000000      0.000000000000000    0.0000      0.000000000000000      0.000000000000000      1.000000000000000
 78        6      5.218000000000000      5.218000000000000      0.000000000000000     78.764983     0.079734      0.000000000000000      0.000000000000000      1.000000000000000   -1.00      0.000000000000000      0.000000000000000      0.000000000000000    0.0000      0.000000000000000      0.000000000000000      1.000000000000000
 78        7      7.827000000000000      7.827000000000000      3.529000000000000     78.771050     0.073759      0.000000000000000      0.000000000000000      1.000000000000000   -1.00      0.000000000000000      0.000000000000000      0.000000000000000    0.0000      0.000000000000000      0.000000000000000      1.000000000000000
 26        8      0.000000000000000      0.000000000000000      7.058000000000000     25.501742     2.989792      0.000000000000000      0.000000000000000      1.000000000000000   -1.00      0.000000000000000      0.000000000000000      0.000000000000000    0.0000      0.000000000000000      0.000000000000000      1.000000000000000
 78        9      2.609000000000000      2.609000000000000     10.587000000000000     78.771660     0.073388      0.000000000000000      0.000000000000000      1.000000000000000   -1.00      0.000000000000000      0.000000000000000      0.000000000000000    0.0000      0.000000000000000      0.000000000000000      1.000000000000000
 78       10      5.218000000000000      0.000000000000000      7.058000000000000     78.774823     0.069337      0.000000000000000      0.000000000000000      1.000000000000000   -1.00      0.000000000000000      0.000000000000000      0.000000000000000    0.0000      0.000000000000000      0.000000000000000      1.000000000000000
 78       11      7.827000000000000      2.609000000000000     10.587000000000000     78.785771     0.063901      0.000000000000000      0.000000000000000      1.000000000000000   -1.00      0.000000000000000      0.000000000000000      0.000000000000000    0.0000      0.000000000000000      0.000000000000000      1.000000000000000
 26       12      0.000000000000000      5.218000000000000      7.058000000000000     25.712181     2.777923      0.000000000000000      0.000000000000000      1.000000000000000   -1.00      0.000000000000000      0.000000000000000      0.000000000000000    0.0000      0.000000000000000      0.000000000000000      1.000000000000000
 26       13      2.609000000000000      7.827000000000000     10.587000000000000     25.474687     3.016636      0.000000000000000      0.000000000000000      1.000000000000000   -1.00      0.000000000000000      0.000000000000000      0.000000000000000    0.0000      0.000000000000000      0.000000000000000      1.000000000000000
 26       14      5.218000000000000      5.218000000000000      7.058000000000000     25.440924     3.055610      0.000000000000000      0.000000000000000      1.000000000000000   -1.00      0.000000000000000      0.000000000000000      0.000000000000000    0.0000      0.000000000000000      0.000000000000000      1.000000000000000
 26       15      7.827000000000000      7.827000000000000     10.587000000000000     25.493372     2.997044      0.000000000000000      0.000000000000000      1.000000000000000   -1.00      0.000000000000000      0.000000000000000      0.000000000000000    0.0000      0.000000000000000      0.000000000000000      1.000000000000000
 26       16     10.436000000000000      0.000000000000000      0.000000000000000     25.664741     2.831001      0.000000000000000      0.000000000000000      1.000000000000000   -1.00      0.000000000000000      0.000000000000000      0.000000000000000    0.0000      0.000000000000000      0.000000000000000      1.000000000000000
 26       17     13.045000000000000      2.609000000000000      3.529000000000000     25.547366     2.939084      0.000000000000000      0.000000000000000      1.000000000000000   -1.00      0.000000000000000      0.000000000000000      0.000000000000000    0.0000      0.000000000000000      0.000000000000000      1.000000000000000
 26       18     15.654000000000000      0.000000000000000      0.000000000000000     25.673252     2.813615      0.000000000000000      0.000000000000000      1.000000000000000   -1.00      0.000000000000000      0.000000000000000      0.000000000000000    0.0000      0.000000000000000      0.000000000000000      1.000000000000000
 78       19     18.262999999999998      2.609000000000000      3.529000000000000     78.777806     0.064752      0.000000000000000      0.000000000000000      1.000000000000000   -1.00      0.000000000000000      0.000000000000000      0.000000000000000    0.0000      0.000000000000000      0.000000000000000      1.000000000000000
 26       20     10.436000000000000      5.218000000000000      0.000000000000000     25.536851     2.940612      0.000000000000000      0.000000000000000      1.000000000000000   -1.00      0.000000000000000      0.000000000000000      0.000000000000000    0.0000      0.000000000000000      0.000000000000000      1.000000000000000
 26       21     13.045000000000000      7.827000000000000      3.529000000000000     25.506522     2.984593      0.000000000000000      0.000000000000000      1.000000000000000   -1.00      0.000000000000000      0.000000000000000      0.000000000000000    0.0000      0.000000000000000      0.000000000000000      1.000000000000000
 26       22     15.654000000000000      5.218000000000000      0.000000000000000     25.504885     2.988530      0.000000000000000      0.000000000000000      1.000000000000000   -1.00      0.000000000000000      0.000000000000000      0.000000000000000    0.0000      0.000000000000000      0.000000000000000      1.000000000000000
 26       23     18.262999999999998      7.827000000000000      3.529000000000000     25.599257     2.875772      0.000000000000000      0.000000000000000      1.000000000000000   -1.00      0.000000000000000      0.000000000000000      0.000000000000000    0.0000      0.000000000000000      0.000000000000000      1.000000000000000
 78       24     10.436000000000000      0.000000000000000      7.058000000000000     78.781583     0.068121      0.000000000000000      0.000000000000000      1.000000000000000   -1.00      0.000000000000000      0.000000000000000      0.000000000000000    0.0000      0.000000000000000      0.000000000000000      1.000000000000000
 78       25     13.045000000000000      2.609000000000000     10.587000000000000     78.777994     0.068310      0.000000000000000      0.000000000000000      1.000000000000000   -1.00      0.000000000000000      0.000000000000000      0.000000000000000    0.0000      0.000000000000000      0.000000000000000      1.000000000000000
 78       26     15.654000000000000      0.000000000000000      7.058000000000000     78.760634     0.084502      0.000000000000000      0.000000000000000      1.000000000000000   -1.00      0.000000000000000      0.000000000000000      0.000000000000000    0.0000      0.000000000000000      0.000000000000000      1.000000000000000
 26       27     18.262999999999998      2.609000000000000     10.587000000000000     25.501263     2.995938      0.000000000000000      0.000000000000000      1.000000000000000   -1.00      0.000000000000000      0.000000000000000      0.000000000000000    0.0000      0.000000000000000      0.000000000000000      1.000000000000000
 78       28     10.436000000000000      5.218000000000000      7.058000000000000     78.775516     0.070695      0.000000000000000      0.000000000000000      1.000000000000000   -1.00      0.000000000000000      0.000000000000000      0.000000000000000    0.0000      0.000000000000000      0.000000000000000      1.000000000000000
 26       29     13.045000000000000      7.827000000000000     10.587000000000000     25.410566     3.081361      0.000000000000000      0.000000000000000      1.000000000000000   -1.00      0.000000000000000      0.000000000000000      0.000000000000000    0.0000      0.000000000000000      0.000000000000000      1.000000000000000
 26       30     15.654000000000000      5.218000000000000      7.058000000000000     25.485481     3.017407      0.000000000000000      0.000000000000000      1.000000000000000   -1.00      0.000000000000000      0.000000000000000      0.000000000000000    0.0000      0.000000000000000      0.000000000000000      1.000000000000000
 78       31     18.262999999999998      7.827000000000000     10.587000000000000     78.769975     0.070949      0.000000000000000      0.000000000000000      1.000000000000000   -1.00      0.000000000000000      0.000000000000000      0.000000000000000    0.0000      0.000000000000000      0.000000000000000      1.000000000000000
