-630513.463908081408590 108.823657564729046 0.649091146078455
 78        0      0.000000000000000      0.000000000000000      0.000000000000000     78.744267     0.081983      0.000000000000000      0.000000000000000      1.000000000000000   -1.00      0.000000000000000      0.000000000000000      0.000000000000000    0.0000      0.000000000000000      0.000000000000000      1.000000000000000
 78        1      2.609000000000000      2.609000000000000      3.529000000000000     78.734700     0.085702      0.000000000000000      0.000000000000000      1.000000000000000   -1.00      0.000000000000000      0.000000000000000      0.000000000000000    0.0000      0.000000000000000      0.000000000000000      1.000000000000000
 78        2      5.218000000000000      0.000000000000000      0.000000000000000     78.768816     0.066063      0.000000000000000      0.000000000000000      1.000000000000000   -1.00      0.000000000000000      0.000000000000000      0.000000000000000    0.0000      0.000000000000000      0.000000000000000      1.000000000000000
 26        3      7.827000000000000      2.609000000000000      3.529000000000000     25.036426     3.394475      0.000000000000000      0.000000000000000      1.000000000000000   -1.00      0.000000000000000      0.000000000000000      0.000000000000000    0.0000      0.000000000000000      0.000000000000000      1.000000000000000
 26        4      0.000000000000000      5.218000000000000      0.000000000000000     25.206642     3.211733      0.000000000000000      0.000000000000000      1.000000000000000   -1.00      0.000000000000000      0.000000000000000      0.000000000000000    0.0000      0.000000000000000      0.000000000000000      1.000000000000000
 78        5      2.609000000000000      7.827000000000000      3.529000000000000     78.762363     0.068089      0.000000000000000      0.000000000000000      1.000000000000000   -1.00      0.000000000000000      0.000000000000000      0.000000000000000    0.0000      0.000000000000000      0.000000000000000      1.000000000000000
 78        6      5.218000000000000      5.218000000000000      0.000000000000000     78.750319     0.080212      0.000000000000000      0.000000000000000      1.000000000000000   -1.00      0.000000000000000      0.000000000000000      0.000000000000000    0.0000      0.000000000000000      0.000000000000000      1.000000000000000
 78        7      7.827000000000000      7.827000000000000      3.529000000000000     78.747586     0.078095      0.000000000000000      0.000000000000000      1.000000000000000   -1.00      0.000000000000000      0.000000000000000      0.000000000000000    0.0000      0.000000000000000      0.000000000000000      1.000000000000000
 26        8      0.000000000000000      0.000000000000000      7.058000000000000     25.373735     3.031351      0.000000000000000      0.000000000000000      1.000000000000000   -1.00      0.000000000000000      0.000000000000000      0.000000000000000    0.0000      0.000000000000000      0.000000000000000      1.000000000000000
 78        9      2.609000000000000      2.609000000000000     10.587000000000000     78.731795     0.086739      0.000000000000000      0.000000000000000      1.000000000000000   -1.00      0.000000000000000      0.000000000000000      0.000000000000000    0.0000      0.000000000000000      0.000000000000000      1.000000000000000
 26       10      5.218000000000000      0.000000000000000      7.058000000000000     25.187768     3.232016      0.000000000000000      0.000000000000000      1.000000000000000   -1.00      0.000000000000000      0.000000000000000      0.000000000000000    0.0000      0.000000000000000      0.000000000000000      1.000000000000000
 26       11      7.827000000000000      2.609000000000000     10.587000000000000     25.004483     3.417316      0.000000000000000      0.000000000000000      1.000000000000000   -1.00      0.000000000000000      0.000000000000000      0.000000000000000    0.0000      0.000000000000000      0.000000000000000      1.000000000000000
 26       12      0.000000000000000      5.218000000000000      7.058000000000000     25.360992     3.054026      0.000000000000000      0.000000000000000      1.000000000000000   -1.00      0.000000000000000      0.000000000000000      0.000000000000000    0.0000      0.000000000000000      0.000000000000000      1.000000000000000
 26       13      2.609000000000000      7.827000000000000     10.587000000000000     25.241486     3.190270      0.000000000000000      0.000000000000000      1.000000000000000   -1.00      0.000000000000000      0.000000000000000      0.000000000000000    0.0000      0.000000000000000      0.000000000000000      1.000000000000000
 26       14      5.218000000000000      5.218000000000000      7.058000000000000     25.329937     3.068808      0.000000000000000      0.000000000000000      1.000000000000000   -1.00      0.000000000000000      0.000000000000000      0.000000000000000    0.0000      0.000000000000000      0.000000000000000      1.000000000000000
 78       15      7.827000000000000      7.827000000000000     10.587000000000000     78.737285     0.086402      0.000000000000000      0.000000000000000      1.000000000000000   -1.00      0.000000000000000      0.000000000000000      0.000000000000000    0.0000      0.000000000000000      0.000000000000000      1.000000000000000
 78       16     10.436000000000000      0.000000000000000      0.000000000000000     78.729697     0.095190      0.000000000000000      0.000000000000000      1.000000000000000   -1.00      0.000000000000000      0.000000000000000      0.000000000000000    0.0000      0.000000000000000      0.000000000000000      1.000000000000000
 26       17     13.045000000000000      2.609000000000000      3.529000000000000     25.149006     3.250986      0.000000000000000      0.000000000000000      1.000000000000000   -1.00      0.000000000000000      0.000000000000000      0.000000000000000    0.0000      0.000000000000000      0.000000000000000      1.000000000000000
 26       18     15.654000000000000      0.000000000000000      0.000000000000000     25.361897     3.051302      0.000000000000000      0.000000000000000      1.000000000000000   -1.00      0.000000000000000      0.000000000000000      0.000000000000000    0.0000      0.000000000000000      0.000000000000000      1.000000000000000
 26       19     18.262999999999998      2.609000000000000      3.529000000000000     25.299052     3.120256      0.000000000000000      0.000000000000000      1.000000000000000   -1.00      0.000000000000000      0.000000000000000      0.000000000000000    0.0000      0.000000000000000      0.000000000000000      1.000000000000000
 78       20     10.436000000000000      5.218000000000000      0.000000000000000     78.731750     0.095056      0.000000000000000      0.000000000000000      1.000000000000000   -1.00      0.000000000000000      0.000000000000000      0.000000000000000    0.0000      0.000000000000000      0.000000000000000      1.000000000000000
 78       21     13.045000000000000      7.827000000000000      3.529000000000000     78.760174     0.069965      0.000000000000000      0.000000000000000      1.000000000000000   -1.00      0.000000000000000      0.000000000000000      0.000000000000000    0.0000      0.000000000000000      0.000000000000000      1.000000000000000
 26       22     15.654000000000000      5.218000000000000      0.000000000000000     25.416681     2.974278      0.000000000000000      0.000000000000000      1.000000000000000   -1.00      0.000000000000000      0.000000000000000      0.000000000000000    0.0000      0.000000000000000      0.000000000000000      1.000000000000000
 78       23     18.262999999999998      7.827000000000000      3.529000000000000     78.733247     0.087206      0.000000000000000      0.000000000000000      1.000000000000000   -1.00      0.000000000000000      0.000000000000000      0.000000000000000    0.0000      0.000000000000000      0.000000000000000      1.000000000000000
 78       24     10.436000000000000      0.000000000000000      7.058000000000000     78.736728     0.085142      0.000000000000000      0.000000000000000      1.000000000000000   -1.00      0.000000000000000      0.000000000000000      0.000000000000000    0.0000      0.000000000000000      0.000000000000000      1.000000000000000
 78       25     13.045000000000000      2.609000000000000     10.587000000000000     78.728684     0.095200      0.000000000000000      0.000000000000000      1.000000000000000   -1.00      0.000000000000000      0.000000000000000      0.000000000000000    0.0000      0.000000000000000      0.000000000000000      1.000000000000000
 78       26     15.654000000000000      0.000000000000000      7.058000000000000     78.746307     0.080484      0.000000000000000      0.000000000000000      1.000000000000000   -1.00      0.000000000000000      0.000000000000000      0.000000000000000    0.0000      0.000000000000000      0.000000000000000      1.000000000000000
 26       27     18.262999999999998      2.609000000000000     10.587000000000000     25.373645     3.032148      0.000000000000000      0.000000000000000      1.000000000000000   -1.00      0.000000000000000      0.000000000000000      0.000000000000000    0.0000      0.000000000000000      0.000000000000000      1.000000000000000
 26       28     10.436000000000000      5.218000000000000      7.058000000000000     25.222782     3.193316      0.000000000000000      0.000000000000000      1.000000000000000   -1.00      0.000000000000000      0.000000000000000      0.000000000000000    0.0000      0.000000000000000      0.000000000000000      1.000000000000000
 26       29     13.045000000000000      7.827000000000000     10.587000000000000     25.045762     3.386918      0.000000000000000      0.000000000000000      1.000000000000000   -1.00      0.000000000000000      0.000000000000000      0.000000000000000    0.0000      0.000000000000000      0.000000000000000      1.000000000000000
 78       30     15.654000000000000      5.218000000000000      7.058000000000000     78.727317     0.094558      0.000000000000000      0.000000000000000      1.000000000000000   -1.00      0.000000000000000      0.000000000000000      0.000000000000000    0.0000      0.000000000000000      0.000000000000000      1.000000000000000
 26       31     18.262999999999998      7.827000000000000     10.587000000000000     25.518670     2.873951      0.000000000000000      0.000000000000000      1.000000000000000   -1.00      0.000000000000000      0.000000000000000      0.000000000000000    0.0000      0.000000000000000      0.000000000000000      1.000000000000000
