-321588.883717166318092 122.015024734391687 0.664100034617031
 78        0      0.000000000000000      0.000000000000000      0.000000000000000     78.801343     0.062496      0.000000000000000      0.000000000000000      1.000000000000000   -1.00      0.000000000000000      0.000000000000000      0.000000000000000    0.0000      0.000000000000000      0.000000000000000      1.000000000000000
 26        1      2.609000000000000      2.609000000000000      3.529000000000000     25.769143     2.797481      0.000000000000000      0.000000000000000      1.000000000000000   -1.00      0.000000000000000      0.000000000000000      0.000000000000000    0.0000      0.000000000000000      0.000000000000000      1.000000000000000
 78        2      5.218000000000000      0.000000000000000      0.000000000000000     78.799251     0.067177      0.000000000000000      0.000000000000000      1.000000000000000   -1.00      0.000000000000000      0.000000000000000      0.000000000000000    0.0000      0.000000000000000      0.000000000000000      1.000000000000000
 26        3      7.827000000000000      2.609000000000000      3.529000000000000     25.811790     2.751894      0.000000000000000      0.000000000000000      1.000000000000000   -1.00      0.000000000000000      0.000000000000000      0.000000000000000    0.0000      0.000000000000000      0.000000000000000      1.000000000000000
 26        4      0.000000000000000      5.218000000000000      0.000000000000000     25.849219     2.715202      0.000000000000000      0.000000000000000      1.000000000000000   -1.00      0.000000000000000      0.000000000000000      0.000000000000000    0.0000      0.000000000000000      0.000000000000000      1.000000000000000
 26        5      2.609000000000000      7.827000000000000      3.529000000000000     25.708710     2.843203      0.000000000000000      0.000000000000000      1.000000000000000   -1.00      0.000000000000000      0.000000000000000      0.000000000000000    0.0000      0.000000000000000      0.000000000000000      1.000000000000000
 26        6      5.218000000000000      5.218000000000000      0.000000000000000     25.765698     2.797903      0.000000000000000      0.000000000000000      1.000000000000000   -1.00      0.000000000000000      0.000000000000000      0.000000000000000    0.0000      0.000000000000000      0.000000000000000      1.000000000000000
 78        7      7.827000000000000      7.827000000000000      3.529000000000000     78.810283     0.052975      0.000000000000000      0.000000000000000      1.000000000000000   -1.00      0.000000000000000      0.000000000000000      0.000000000000000    0.0000      0.000000000000000      0.000000000000000      1.000000000000000
 26        8      0.000000000000000      0.000000000000000      7.058000000000000     25.811008     2.744881      0.000000000000000      0.000000000000000      1.000000000000000   -1.00      0.000000000000000      0.000000000000000      0.000000000000000    0.0000      0.000000000000000      0.000000000000000      1.000000000000000
 26        9      2.609000000000000      2.609000000000000     10.587000000000000     25.693694     2.864744      0.000000000000000      0.000000000000000      1.000000000000000   -1.00      0.000000000000000      0.000000000000000      0.000000000000000    0.0000      0.000000000000000      0.000000000000000      1.000000000000000
 26       10      5.218000000000000      0.000000000000000      7.058000000000000     25.846757     2.717873      0.000000000000000      0.000000000000000      1.000000000000000   -1.00      0.000000000000000      0.000000000000000      0.000000000000000    0.0000      0.000000000000000      0.000000000000000      1.000000000000000
 78       11      7.827000000000000      2.609000000000000     10.587000000000000     78.801092     0.063261      0.000000000000000      0.000000000000000      1.000000000000000   -1.00      0.000000000000000      0.000000000000000      0.000000000000000    0.0000      0.000000000000000      0.000000000000000      1.000000000000000
 26       12      0.000000000000000      5.218000000000000      7.058000000000000     25.723812     2.835829      0.000000000000000      0.000000000000000      1.000000000000000   -1.00      0.000000000000000      0.000000000000000      0.000000000000000    0.0000      0.000000000000000      0.000000000000000      1.000000000000000
 26       13      2.609000000000000      7.827000000000000     10.587000000000000     25.786303     2.779115      0.000000000000000      0.000000000000000      1.000000000000000   -1.00      0.000000000000000      0.000000000000000      0.000000000000000    0.0000      0.000000000000000      0.000000000000000      1.000000000000000
 26       14      5.218000000000000      5.218000000000000      7.058000000000000     25.734163     2.825887      0.000000000000000      0.000000000000000      1.000000000000000   -1.00      0.000000000000000      0.000000000000000      0.000000000000000    0.0000      0.000000000000000      0.000000000000000      1.000000000000000
 26       15      7.827000000000000      7.827000000000000     10.587000000000000     25.884410     2.677450      0.000000000000000      0.000000000000000      1.000000000000000   -1.00      0.000000000000000      0.000000000000000      0.000000000000000    0.0000      0.000000000000000      0.000000000000000      1.000000000000000
 26       16     10.436000000000000      0.000000000000000      0.000000000000000     25.710735     2.854383      0.000000000000000      0.000000000000000      1.000000000000000   -1.00      0.000000000000000      0.000000000000000      0.000000000000000    0.0000      0.000000000000000      0.000000000000000      1.000000000000000
 26       17     13.045000000000000      2.609000000000000      3.529000000000000     25.861074     2.703070      0.000000000000000      0.000000000000000      1.000000000000000   -1.00      0.000000000000000      0.000000000000000      0.000000000000000    0.0000      0.000000000000000      0.000000000000000      1.000000000000000
 26       18     15.654000000000000      0.000000000000000      0.000000000000000     25.692992     2.872077      0.000000000000000      0.000000000000000      1.000000000000000   -1.00      0.000000000000000      0.000000000000000      0.000000000000000    0.0000      0.000000000000000      0.000000000000000      1.000000000000000
 26       19     18.262999999999998      2.609000000000000      3.529000000000000     25.818099     2.747542      0.000000000000000      0.000000000000000      1.000000000000000   -1.00      0.000000000000000      0.000000000000000      0.000000000000000    0.0000      0.000000000000000      0.000000000000000      1.000000000000000
 26       20     10.436000000000000      5.218000000000000      0.000000000000000     25.805857     2.759688      0.000000000000000      0.000000000000000      1.000000000000000   -1.00      0.000000000000000      0.000000000000000      0.000000000000000    0.0000      0.000000000000000      0.000000000000000      1.000000000000000
 26       21     13.045000000000000      7.827000000000000      3.529000000000000     25.754376     2.797280      0.000000000000000      0.000000000000000      1.000000000000000   -1.00      0.000000000000000      0.000000000000000      0.000000000000000    0.0000      0.000000000000000      0.000000000000000      1.000000000000000
 78       22     15.654000000000000      5.218000000000000      0.000000000000000     78.816199     0.049979      0.000000000000000      0.000000000000000      1.000000000000000   -1.00      0.000000000000000      0.000000000000000      0.000000000000000    0.0000      0.000000000000000      0.000000000000000      1.000000000000000
 26       23     18.262999999999998      7.827000000000000      3.529000000000000     25.748820     2.810317      0.000000000000000      0.000000000000000      1.000000000000000   -1.00      0.000000000000000      0.000000000000000      0.000000000000000    0.0000      0.000000000000000      0.000000000000000      1.000000000000000
 26       24     10.436000000000000      0.000000000000000      7.058000000000000     25.734102     2.826107      0.000000000000000      0.000000000000000      1.000000000000000   -1.00      0.000000000000000      0.000000000000000      0.000000000000000    0.0000      0.000000000000000      0.000000000000000      1.000000000000000
 78       25     13.045000000000000      2.609000000000000     10.587000000000000     78.805189     0.059775      0.000000000000000      0.000000000000000      1.000000000000000   -1.00      0.000000000000000      0.000000000000000      0.000000000000000    0.0000      0.000000000000000      0.000000000000000      1.000000000000000
 26       26     15.654000000000000      0.000000000000000      7.058000000000000     25.723436     2.843819      0.000000000000000      0.000000000000000      1.000000000000000   -1.00      0.000000000000000      0.000000000000000      0.000000000000000    0.0000      0.000000000000000      0.000000000000000      1.000000000000000
 78       27     18.262999999999998      2.609000000000000     10.587000000000000     78.805170     0.063126      0.000000000000000      0.000000000000000      1.000000000000000   -1.00      0.000000000000000      0.000000000000000      0.000000000000000    0.0000      0.000000000000000      0.000000000000000      1.000000000000000
 26       28     10.436000000000000      5.218000000000000      7.058000000000000     25.715644     2.843821      0.000000000000000      0.000000000000000      1.000000000000000   -1.00      0.000000000000000      0.000000000000000      0.000000000000000    0.0000      0.000000000000000      0.000000000000000      1.000000000000000
 26       29     13.045000000000000      7.827000000000000     10.587000000000000     25.861595     2.702381      0.000000000000000      0.000000000000000      1.000000000000000   -1.00      0.000000000000000      0.000000000000000      0.000000000000000    0.0000      0.000000000000000      0.000000000000000      1.000000000000000
 26       30     15.654000000000000      5.218000000000000      7.058000000000000     25.775020     2.782053      0.000000000000000      0.000000000000000      1.000000000000000   -1.00      0.000000000000000      0.000000000000000      0.000000000000000    0.0000      0.000000000000000      0.000000000000000      1.000000000000000
 26       31     18.262999999999998      7.827000000000000     10.587000000000000     25.775016     2.790952      0.000000000000000      0.000000000000000      1.000000000000000   -1.00      0.000000000000000      0.000000000000000      0.000000000000000    0.0000      0.000000000000000      0.000000000000000      1.000000000000000
