-939431.945289915427566 96.056225734020956 0.604439871838410
 78        0      0.000000000000000      0.000000000000000      0.000000000000000     78.545330     0.109907      0.000000000000000      0.000000000000000      1.000000000000000   -1.00      0.000000000000000      0.000000000000000      0.000000000000000    0.0000      0.000000000000000      0.000000000000000      1.000000000000000
 78        1      2.609000000000000      2.609000000000000      3.529000000000000     78.642679     0.058629      0.000000000000000      0.000000000000000      1.000000000000000   -1.00      0.000000000000000      0.000000000000000      0.000000000000000    0.0000      0.000000000000000      0.000000000000000      1.000000000000000
 78        2      5.218000000000000      0.000000000000000      0.000000000000000     78.578271     0.092762      0.000000000000000      0.000000000000000      1.000000000000000   -1.00      0.000000000000000      0.000000000000000      0.000000000000000    0.0000      0.000000000000000      0.000000000000000      1.000000000000000
 78        3      7.827000000000000      2.609000000000000      3.529000000000000     78.693411     0.017599      0.000000000000000      0.000000000000000      1.000000000000000   -1.00      0.000000000000000      0.000000000000000      0.000000000000000    0.0000      0.000000000000000      0.000000000000000      1.000000000000000
 78        4      0.000000000000000      5.218000000000000      0.000000000000000     78.543996     0.110396      0.000000000000000      0.000000000000000      1.000000000000000   -1.00      0.000000000000000      0.000000000000000      0.000000000000000    0.0000      0.000000000000000      0.000000000000000      1.000000000000000
 78        5      2.609000000000000      7.827000000000000      3.529000000000000     78.698392     0.013326      0.000000000000000      0.000000000000000      1.000000000000000   -1.00      0.000000000000000      0.000000000000000      0.000000000000000    0.0000      0.000000000000000      0.000000000000000      1.000000000000000
 78        6      5.218000000000000      5.218000000000000      0.000000000000000     78.578271     0.092762      0.000000000000000      0.000000000000000      1.000000000000000   -1.00      0.000000000000000      0.000000000000000      0.000000000000000    0.0000      0.000000000000000      0.000000000000000      1.000000000000000
 78        7      7.827000000000000      7.827000000000000      3.529000000000000     78.653005     0.039187      0.000000000000000      0.000000000000000      1.000000000000000   -1.00      0.000000000000000      0.000000000000000      0.000000000000000    0.0000      0.000000000000000      0.000000000000000      1.000000000000000
 78        8      0.000000000000000      0.000000000000000      7.058000000000000     78.546663     0.108002      0.000000000000000      0.000000000000000      1.000000000000000   -1.00      0.000000000000000      0.000000000000000      0.000000000000000    0.0000      0.000000000000000      0.000000000000000      1.000000000000000
 26        9      2.609000000000000      2.609000000000000     10.587000000000000     23.726848     3.240157      0.000000000000000      0.000000000000000      1.000000000000000   -1.00      0.000000000000000      0.000000000000000      0.000000000000000    0.0000      0.000000000000000      0.000000000000000      1.000000000000000
 78       10      5.218000000000000      0.000000000000000      7.058000000000000     78.579429     0.094248      0.000000000000000      0.000000000000000      1.000000000000000   -1.00      0.000000000000000      0.000000000000000      0.000000000000000    0.0000      0.000000000000000      0.000000000000000      1.000000000000000
 26       11      7.827000000000000      2.609000000000000     10.587000000000000     24.022293     3.550638      0.000000000000000      0.000000000000000      1.000000000000000   -1.00      0.000000000000000      0.000000000000000      0.000000000000000    0.0000      0.000000000000000      0.000000000000000      1.000000000000000
 78       12      0.000000000000000      5.218000000000000      7.058000000000000     78.530391     0.118851      0.000000000000000      0.000000000000000      1.000000000000000   -1.00      0.000000000000000      0.000000000000000      0.000000000000000    0.0000      0.000000000000000      0.000000000000000      1.000000000000000
 26       13      2.609000000000000      7.827000000000000     10.587000000000000     23.943913     3.428433      0.000000000000000      0.000000000000000      1.000000000000000   -1.00      0.000000000000000      0.000000000000000      0.000000000000000    0.0000      0.000000000000000      0.000000000000000      1.000000000000000
 78       14      5.218000000000000      5.218000000000000      7.058000000000000     78.580951     0.089496      0.000000000000000      0.000000000000000      1.000000000000000   -1.00      0.000000000000000      0.000000000000000      0.000000000000000    0.0000      0.000000000000000      0.000000000000000      1.000000000000000
 78       15      7.827000000000000      7.827000000000000     10.587000000000000     78.606546     0.075830      0.000000000000000      0.000000000000000      1.000000000000000   -1.00      0.000000000000000      0.000000000000000      0.000000000000000    0.0000      0.000000000000000      0.000000000000000      1.000000000000000
 78       16     10.436000000000000      0.000000000000000      0.000000000000000     78.610938     0.070508      0.000000000000000      0.000000000000000      1.000000000000000   -1.00      0.000000000000000      0.000000000000000      0.000000000000000    0.0000      0.000000000000000      0.000000000000000      1.000000000000000
 78       17     13.045000000000000      2.609000000000000      3.529000000000000     78.565389     0.098720      0.000000000000000      0.000000000000000      1.000000000000000   -1.00      0.000000000000000      0.000000000000000      0.000000000000000    0.0000      0.000000000000000      0.000000000000000      1.000000000000000
 78       18     15.654000000000000      0.000000000000000      0.000000000000000     78.569020     0.092373      0.000000000000000      0.000000000000000      1.000000000000000   -1.00      0.000000000000000      0.000000000000000      0.000000000000000    0.0000      0.000000000000000      0.000000000000000      1.000000000000000
 26       19     18.262999999999998      2.609000000000000      3.529000000000000     23.942415     3.434007      0.000000000000000      0.000000000000000      1.000000000000000   -1.00      0.000000000000000      0.000000000000000      0.000000000000000    0.0000      0.000000000000000      0.000000000000000      1.000000000000000
 78       20     10.436000000000000      5.218000000000000      0.000000000000000     78.602687     0.074996      0.000000000000000      0.000000000000000      1.000000000000000   -1.00      0.000000000000000      0.000000000000000      0.000000000000000    0.0000      0.000000000000000      0.000000000000000      1.000000000000000
 26       21     13.045000000000000      7.827000000000000      3.529000000000000     23.977908     3.559124      0.000000000000000      0.000000000000000      1.000000000000000   -1.00      0.000000000000000      0.000000000000000      0.000000000000000    0.0000      0.000000000000000      0.000000000000000      1.000000000000000
 78       22     15.654000000000000      5.218000000000000      0.000000000000000     78.572103     0.091793      0.000000000000000      0.000000000000000      1.000000000000000   -1.00      0.000000000000000      0.000000000000000      0.000000000000000    0.0000      0.000000000000000      0.000000000000000      1.000000000000000
 78       23     18.262999999999998      7.827000000000000      3.529000000000000     78.570325     0.099550      0.000000000000000      0.000000000000000      1.000000000000000   -1.00      0.000000000000000      0.000000000000000      0.000000000000000    0.0000      0.000000000000000      0.000000000000000      1.000000000000000
 78       24     10.436000000000000      0.000000000000000      7.058000000000000     78.608005     0.077826      0.000000000000000      0.000000000000000      1.000000000000000   -1.00      0.000000000000000      0.000000000000000      0.000000000000000    0.0000      0.000000000000000      0.000000000000000      1.000000000000000
 78       25     13.045000000000000      2.609000000000000     10.587000000000000     78.584158     0.088675      0.000000000000000      0.000000000000000      1.000000000000000   -1.00      0.000000000000000      0.000000000000000      0.000000000000000    0.0000      0.000000000000000      0.000000000000000      1.000000000000000
 78       26     15.654000000000000      0.000000000000000      7.058000000000000     78.526227     0.119664      0.000000000000000      0.000000000000000      1.000000000000000   -1.00      0.000000000000000      0.000000000000000      0.000000000000000    0.0000      0.000000000000000      0.000000000000000      1.000000000000000
 26       27     18.262999999999998      2.609000000000000     10.587000000000000     23.896577     3.385199      0.000000000000000      0.000000000000000      1.000000000000000   -1.00      0.000000000000000      0.000000000000000      0.000000000000000    0.0000      0.000000000000000      0.000000000000000      1.000000000000000
 78       28     10.436000000000000      5.218000000000000      7.058000000000000     78.580889     0.087158      0.000000000000000      0.000000000000000      1.000000000000000   -1.00      0.000000000000000      0.000000000000000      0.000000000000000    0.0000      0.000000000000000      0.000000000000000      1.000000000000000
 78       29     13.045000000000000      7.827000000000000     10.587000000000000     78.664694     0.038517      0.000000000000000      0.000000000000000      1.000000000000000   -1.00      0.000000000000000      0.000000000000000      0.000000000000000    0.0000      0.000000000000000      0.000000000000000      1.000000000000000
 26       30     15.654000000000000      5.218000000000000      7.058000000000000     23.688828     3.270336      0.000000000000000      0.000000000000000      1.000000000000000   -1.00      0.000000000000000      0.000000000000000      0.000000000000000    0.0000      0.000000000000000      0.000000000000000      1.000000000000000
 78       31     18.262999999999998      7.827000000000000     10.587000000000000     78.569445     0.098776      0.000000000000000      0.000000000000000      1.000000000000000   -1.00      0.000000000000000      0.000000000000000      0.000000000000000    0.0000      0.000000000000000      0.000000000000000      1.000000000000000
