-527538.661042108084075 113.209719234510132 0.653598584028270
 26        0      0.000000000000000      0.000000000000000      0.000000000000000     25.274874     3.200350      0.000000000000000      0.000000000000000      1.000000000000000   -1.00      0.000000000000000      0.000000000000000      0.000000000000000    0.0000      0.000000000000000      0.000000000000000      1.000000000000000
 78        1      2.609000000000000      2.609000000000000      3.529000000000000     78.763837     0.072914      0.000000000000000      0.000000000000000      1.000000000000000   -1.00      0.000000000000000      0.000000000000000      0.000000000000000    0.0000      0.000000000000000      0.000000000000000      1.000000000000000
 26        2      5.218000000000000      0.000000000000000      0.000000000000000     25.227380     3.230476      0.000000000000000      0.000000000000000      1.000000000000000   -1.00      0.000000000000000      0.000000000000000      0.000000000000000    0.0000      0.000000000000000      0.000000000000000      1.000000000000000
 26        3      7.827000000000000      2.609000000000000      3.529000000000000     25.585895     2.868000      0.000000000000000      0.000000000000000      1.000000000000000   -1.00      0.000000000000000      0.000000000000000      0.000000000000000    0.0000      0.000000000000000      0.000000000000000      1.000000000000000
 26        4      0.000000000000000      5.218000000000000      0.000000000000000     25.349644     3.125128      0.000000000000000      0.000000000000000      1.000000000000000   -1.00      0.000000000000000      0.000000000000000      0.000000000000000    0.0000      0.000000000000000      0.000000000000000      1.000000000000000
 78        5      2.609000000000000      7.827000000000000      3.529000000000000     78.764247     0.069493      0.000000000000000      0.000000000000000      1.000000000000000   -1.00      0.000000000000000      0.000000000000000      0.000000000000000    0.0000      0.000000000000000      0.000000000000000      1.000000000000000
 78        6      5.218000000000000      5.218000000000000      0.000000000000000     78.763148     0.076567      0.000000000000000      0.000000000000000      1.000000000000000   -1.00      0.000000000000000      0.000000000000000      0.000000000000000    0.0000      0.000000000000000      0.000000000000000      1.000000000000000
 26        7      7.827000000000000      7.827000000000000      3.529000000000000     25.552085     2.910459      0.000000000000000      0.000000000000000      1.000000000000000   -1.00      0.000000000000000      0.000000000000000      0.000000000000000    0.0000      0.000000000000000      0.000000000000000      1.000000000000000
 78        8      0.000000000000000      0.000000000000000      7.058000000000000     78.792576     0.052498      0.000000000000000      0.000000000000000      1.000000000000000   -1.00      0.000000000000000      0.000000000000000      0.000000000000000    0.0000      0.000000000000000      0.000000000000000      1.000000000000000
 78        9      2.609000000000000      2.609000000000000     10.587000000000000     78.765167     0.071532      0.000000000000000      0.000000000000000      1.000000000000000   -1.00      0.000000000000000      0.000000000000000      0.000000000000000    0.0000      0.000000000000000      0.000000000000000      1.000000000000000
 26       10      5.218000000000000      0.000000000000000      7.058000000000000     25.357120     3.115244      0.000000000000000      0.000000000000000      1.000000000000000   -1.00      0.000000000000000      0.000000000000000      0.000000000000000    0.0000      0.000000000000000      0.000000000000000      1.000000000000000
 78       11      7.827000000000000      2.609000000000000     10.587000000000000     78.763970     0.072064      0.000000000000000      0.000000000000000      1.000000000000000   -1.00      0.000000000000000      0.000000000000000      0.000000000000000    0.0000      0.000000000000000      0.000000000000000      1.000000000000000
 78       12      0.000000000000000      5.218000000000000      7.058000000000000     78.789075     0.056117      0.000000000000000      0.000000000000000      1.000000000000000   -1.00      0.000000000000000      0.000000000000000      0.000000000000000    0.0000      0.000000000000000      0.000000000000000      1.000000000000000
 78       13      2.609000000000000      7.827000000000000     10.587000000000000     78.758377     0.077587      0.000000000000000      0.000000000000000      1.000000000000000   -1.00      0.000000000000000      0.000000000000000      0.000000000000000    0.0000      0.000000000000000      0.000000000000000      1.000000000000000
 26       14      5.218000000000000      5.218000000000000      7.058000000000000     25.397908     3.069493      0.000000000000000      0.000000000000000      1.000000000000000   -1.00      0.000000000000000      0.000000000000000      0.000000000000000    0.0000      0.000000000000000      0.000000000000000      1.000000000000000
 26       15      7.827000000000000      7.827000000000000     10.587000000000000     25.401608     3.060811      0.000000000000000      0.000000000000000      1.000000000000000   -1.00      0.000000000000000      0.000000000000000      0.000000000000000    0.0000      0.000000000000000      0.000000000000000      1.000000000000000
 26       16     10.436000000000000      0.000000000000000      0.000000000000000     25.645824     2.815489      0.000000000000000      0.000000000000000      1.000000000000000   -1.00      0.000000000000000      0.000000000000000      0.000000000000000    0.0000      0.000000000000000      0.000000000000000      1.000000000000000
 26       17     13.045000000000000      2.609000000000000      3.529000000000000     25.475918     2.985630      0.000000000000000      0.000000000000000      1.000000000000000   -1.00      0.000000000000000      0.000000000000000      0.000000000000000    0.0000      0.000000000000000      0.000000000000000      1.000000000000000
 78       18     15.654000000000000      0.000000000000000      0.000000000000000     78.751579     0.080303      0.000000000000000      0.000000000000000      1.000000000000000   -1.00      0.000000000000000      0.000000000000000      0.000000000000000    0.0000      0.000000000000000      0.000000000000000      1.000000000000000
 78       19     18.262999999999998      2.609000000000000      3.529000000000000     78.754385     0.080835      0.000000000000000      0.000000000000000      1.000000000000000   -1.00      0.000000000000000      0.000000000000000      0.000000000000000    0.0000      0.000000000000000      0.000000000000000      1.000000000000000
 26       20     10.436000000000000      5.218000000000000      0.000000000000000     25.618830     2.842349      0.000000000000000      0.000000000000000      1.000000000000000   -1.00      0.000000000000000      0.000000000000000      0.000000000000000    0.0000      0.000000000000000      0.000000000000000      1.000000000000000
 26       21     13.045000000000000      7.827000000000000      3.529000000000000     25.568107     2.887256      0.000000000000000      0.000000000000000      1.000000000000000   -1.00      0.000000000000000      0.000000000000000      0.000000000000000    0.0000      0.000000000000000      0.000000000000000      1.000000000000000
 26       22     15.654000000000000      5.218000000000000      0.000000000000000     25.510278     2.941145      0.000000000000000      0.000000000000000      1.000000000000000   -1.00      0.000000000000000      0.000000000000000      0.000000000000000    0.0000      0.000000000000000      0.000000000000000      1.000000000000000
 26       23     18.262999999999998      7.827000000000000      3.529000000000000     25.438042     3.019318      0.000000000000000      0.000000000000000      1.000000000000000   -1.00      0.000000000000000      0.000000000000000      0.000000000000000    0.0000      0.000000000000000      0.000000000000000      1.000000000000000
 78       24     10.436000000000000      0.000000000000000      7.058000000000000     78.759904     0.073770      0.000000000000000      0.000000000000000      1.000000000000000   -1.00      0.000000000000000      0.000000000000000      0.000000000000000    0.0000      0.000000000000000      0.000000000000000      1.000000000000000
 26       25     13.045000000000000      2.609000000000000     10.587000000000000     25.551971     2.916070      0.000000000000000      0.000000000000000      1.000000000000000   -1.00      0.000000000000000      0.000000000000000      0.000000000000000    0.0000      0.000000000000000      0.000000000000000      1.000000000000000
 26       26     15.654000000000000      0.000000000000000      7.058000000000000     25.604445     2.851359      0.000000000000000      0.000000000000000      1.000000000000000   -1.00      0.000000000000000      0.000000000000000      0.000000000000000    0.0000      0.000000000000000      0.000000000000000      1.000000000000000
 26       27     18.262999999999998      2.609000000000000     10.587000000000000     25.415154     3.040540      0.000000000000000      0.000000000000000      1.000000000000000   -1.00      0.000000000000000      0.000000000000000      0.000000000000000    0.0000      0.000000000000000      0.000000000000000      1.000000000000000
 78       28     10.436000000000000      5.218000000000000      7.058000000000000     78.763579     0.070342      0.000000000000000      0.000000000000000      1.000000000000000   -1.00      0.000000000000000      0.000000000000000      0.000000000000000    0.0000      0.000000000000000      0.000000000000000      1.000000000000000
 26       29     13.045000000000000      7.827000000000000     10.587000000000000     25.510523     2.945913      0.000000000000000      0.000000000000000      1.000000000000000   -1.00      0.000000000000000      0.000000000000000      0.000000000000000    0.0000      0.000000000000000      0.000000000000000      1.000000000000000
 26       30     15.654000000000000      5.218000000000000      7.058000000000000     25.570387     2.892917      0.000000000000000      0.000000000000000      1.000000000000000   -1.00      0.000000000000000      0.000000000000000      0.000000000000000    0.0000      0.000000000000000      0.000000000000000      1.000000000000000
 78       31     18.262999999999998      7.827000000000000     10.587000000000000     78.754163     0.080741      0.000000000000000      0.000000000000000      1.000000000000000   -1.00      0.000000000000000      0.000000000000000      0.000000000000000    0.0000      0.000000000000000      0.000000000000000      1.000000000000000
