-870664.474406902561896 114.064819724840220 0.648639669737326
 79        0      0.000000000000000      0.000000000000000      0.000000000000000     78.796043     0.000000      0.000000000000000      0.000000000000000      1.000000000000000   -1.00      0.000000000000000      0.000000000000000      0.000000000000000    0.0000      0.000000000000000      0.000000000000000      1.000000000000000
 29        1      3.618832950000000      3.618832950000000      0.000000000000000     29.361943     0.000000      0.000000000000000      0.000000000000000      1.000000000000000   -1.00      0.000000000000000      0.000000000000000      0.000000000000000    0.0000      0.000000000000000      0.000000000000000      1.000000000000000
 79        2      3.618832950000000      0.000000000000000      3.618832950000000     78.779013     0.000000      0.000000000000000      0.000000000000000      1.000000000000000   -1.00      0.000000000000000      0.000000000000000      0.000000000000000    0.0000      0.000000000000000      0.000000000000000      1.000000000000000
 79        3      0.000000000000000      3.618832950000000      3.618832950000000     78.881787     0.000000      0.000000000000000      0.000000000000000      1.000000000000000   -1.00      0.000000000000000      0.000000000000000      0.000000000000000    0.0000      0.000000000000000      0.000000000000000      1.000000000000000
 79        4      7.237665900000000      0.000000000000000      0.000000000000000     78.756559     0.000000      0.000000000000000      0.000000000000000      1.000000000000000   -1.00      0.000000000000000      0.000000000000000      0.000000000000000    0.0000      0.000000000000000      0.000000000000000      1.000000000000000
 29        5     10.856498849999999      3.618832950000000      0.000000000000000     29.461149     0.000000      0.000000000000000      0.000000000000000      1.000000000000000   -1.00      0.000000000000000      0.000000000000000      0.000000000000000    0.0000      0.000000000000000      0.000000000000000      1.000000000000000
 79        6     10.856498849999999      0.000000000000000      3.618832950000000     78.802960     0.000000      0.000000000000000      0.000000000000000      1.000000000000000   -1.00      0.000000000000000      0.000000000000000      0.000000000000000    0.0000      0.000000000000000      0.000000000000000      1.000000000000000
 79        7      7.237665900000000      3.618832950000000      3.618832950000000     78.776793     0.000000      0.000000000000000      0.000000000000000      1.000000000000000   -1.00      0.000000000000000      0.000000000000000      0.000000000000000    0.0000      0.000000000000000      0.000000000000000      1.000000000000000
 79        8      0.000000000000000      7.237665900000000      0.000000000000000     78.673768     0.000000      0.000000000000000      0.000000000000000      1.000000000000000   -1.00      0.000000000000000      0.000000000000000      0.000000000000000    0.0000      0.000000000000000      0.000000000000000      1.000000000000000
 29        9      3.618832950000000     10.856498849999999      0.000000000000000     29.260921    -0.000000      0.000000000000000      0.000000000000000      1.000000000000000   -1.00      0.000000000000000      0.000000000000000      0.000000000000000    0.0000      0.000000000000000      0.000000000000000      1.000000000000000
 29       10      3.618832950000000      7.237665900000000      3.618832950000000     29.272103     0.000000      0.000000000000000      0.000000000000000      1.000000000000000   -1.00      0.000000000000000      0.000000000000000      0.000000000000000    0.0000      0.000000000000000      0.000000000000000      1.000000000000000
 29       11      0.000000000000000     10.856498849999999      3.618832950000000     29.373605     0.000000      0.000000000000000      0.000000000000000      1.000000000000000   -1.00      0.000000000000000      0.000000000000000      0.000000000000000    0.0000      0.000000000000000      0.000000000000000      1.000000000000000
 29       12      7.237665900000000      7.237665900000000      0.000000000000000     29.188897    -0.000000      0.000000000000000      0.000000000000000      1.000000000000000   -1.00      0.000000000000000      0.000000000000000      0.000000000000000    0.0000      0.000000000000000      0.000000000000000      1.000000000000000
 29       13     10.856498849999999     10.856498849999999      0.000000000000000     29.362230    -0.000000      0.000000000000000      0.000000000000000      1.000000000000000   -1.00      0.000000000000000      0.000000000000000      0.000000000000000    0.0000      0.000000000000000      0.000000000000000      1.000000000000000
 79       14     10.856498849999999      7.237665900000000      3.618832950000000     78.777335     0.000000      0.000000000000000      0.000000000000000      1.000000000000000   -1.00      0.000000000000000      0.000000000000000      0.000000000000000    0.0000      0.000000000000000      0.000000000000000      1.000000000000000
 29       15      7.237665900000000     10.856498849999999      3.618832950000000     29.272347    -0.000000      0.000000000000000      0.000000000000000      1.000000000000000   -1.00      0.000000000000000      0.000000000000000      0.000000000000000    0.0000      0.000000000000000      0.000000000000000      1.000000000000000
 79       16      0.000000000000000      0.000000000000000      7.237665900000000     78.985222     0.000000      0.000000000000000      0.000000000000000      1.000000000000000   -1.00      0.000000000000000      0.000000000000000      0.000000000000000    0.0000      0.000000000000000      0.000000000000000      1.000000000000000
 79       17      3.618832950000000      3.618832950000000      7.237665900000000     78.891759     0.000000      0.000000000000000      0.000000000000000      1.000000000000000   -1.00      0.000000000000000      0.000000000000000      0.000000000000000    0.0000      0.000000000000000      0.000000000000000      1.000000000000000
 79       18      3.618832950000000      0.000000000000000     10.856498849999999     78.882516     0.000000      0.000000000000000      0.000000000000000      1.000000000000000   -1.00      0.000000000000000      0.000000000000000      0.000000000000000    0.0000      0.000000000000000      0.000000000000000      1.000000000000000
 79       19      0.000000000000000      3.618832950000000     10.856498849999999     78.904478     0.000000      0.000000000000000      0.000000000000000      1.000000000000000   -1.00      0.000000000000000      0.000000000000000      0.000000000000000    0.0000      0.000000000000000      0.000000000000000      1.000000000000000
 29       20      7.237665900000000      0.000000000000000      7.237665900000000     29.488494    -0.000000      0.000000000000000      0.000000000000000      1.000000000000000   -1.00      0.000000000000000      0.000000000000000      0.000000000000000    0.0000      0.000000000000000      0.000000000000000      1.000000000000000
 79       21     10.856498849999999      3.618832950000000      7.237665900000000     78.992302     0.000000      0.000000000000000      0.000000000000000      1.000000000000000   -1.00      0.000000000000000      0.000000000000000      0.000000000000000    0.0000      0.000000000000000      0.000000000000000      1.000000000000000
 79       22     10.856498849999999      0.000000000000000     10.856498849999999     78.905763     0.000000      0.000000000000000      0.000000000000000      1.000000000000000   -1.00      0.000000000000000      0.000000000000000      0.000000000000000    0.0000      0.000000000000000      0.000000000000000      1.000000000000000
 79       23      7.237665900000000      3.618832950000000     10.856498849999999     78.800137    -0.000000      0.000000000000000      0.000000000000000      1.000000000000000   -1.00      0.000000000000000      0.000000000000000      0.000000000000000    0.0000      0.000000000000000      0.000000000000000      1.000000000000000
 79       24      0.000000000000000      7.237665900000000      7.237665900000000     78.899830     0.000000      0.000000000000000      0.000000000000000      1.000000000000000   -1.00      0.000000000000000      0.000000000000000      0.000000000000000    0.0000      0.000000000000000      0.000000000000000      1.000000000000000
 79       25      3.618832950000000     10.856498849999999      7.237665900000000     78.788432     0.000000      0.000000000000000      0.000000000000000      1.000000000000000   -1.00      0.000000000000000      0.000000000000000      0.000000000000000    0.0000      0.000000000000000      0.000000000000000      1.000000000000000
 29       26      3.618832950000000      7.237665900000000     10.856498849999999     29.372812     0.000000      0.000000000000000      0.000000000000000      1.000000000000000   -1.00      0.000000000000000      0.000000000000000      0.000000000000000    0.0000      0.000000000000000      0.000000000000000      1.000000000000000
 79       27      0.000000000000000     10.856498849999999     10.856498849999999     78.881091     0.000000      0.000000000000000      0.000000000000000      1.000000000000000   -1.00      0.000000000000000      0.000000000000000      0.000000000000000    0.0000      0.000000000000000      0.000000000000000      1.000000000000000
 79       28      7.237665900000000      7.237665900000000      7.237665900000000     78.861703     0.000000      0.000000000000000      0.000000000000000      1.000000000000000   -1.00      0.000000000000000      0.000000000000000      0.000000000000000    0.0000      0.000000000000000      0.000000000000000      1.000000000000000
 79       29     10.856498849999999     10.856498849999999      7.237665900000000     78.891059     0.000000      0.000000000000000      0.000000000000000      1.000000000000000   -1.00      0.000000000000000      0.000000000000000      0.000000000000000    0.0000      0.000000000000000      0.000000000000000      1.000000000000000
 79       30     10.856498849999999      7.237665900000000     10.856498849999999     78.880838     0.000000      0.000000000000000      0.000000000000000      1.000000000000000   -1.00      0.000000000000000      0.000000000000000      0.000000000000000    0.0000      0.000000000000000      0.000000000000000      1.000000000000000
 79       31      7.237665900000000     10.856498849999999     10.856498849999999     78.776113     0.000000      0.000000000000000      0.000000000000000      1.000000000000000   -1.00      0.000000000000000      0.000000000000000      0.000000000000000    0.0000      0.000000000000000      0.000000000000000      1.000000000000000
