-731589.946754409116693 115.589503557248435 0.626289472308508
 79        0      0.000000000000000      0.000000000000000      0.000000000000000     79.007649     0.000000      0.000000000000000      0.000000000000000      1.000000000000000   -1.00      0.000000000000000      0.000000000000000      0.000000000000000    0.0000      0.000000000000000      0.000000000000000      1.000000000000000
 79        1      3.618832950000000      3.618832950000000      0.000000000000000     78.802913     0.000000      0.000000000000000      0.000000000000000      1.000000000000000   -1.00      0.000000000000000      0.000000000000000      0.000000000000000    0.0000      0.000000000000000      0.000000000000000      1.000000000000000
 79        2      3.618832950000000      0.000000000000000      3.618832950000000     78.808428     0.000000      0.000000000000000      0.000000000000000      1.000000000000000   -1.00      0.000000000000000      0.000000000000000      0.000000000000000    0.0000      0.000000000000000      0.000000000000000      1.000000000000000
 79        3      0.000000000000000      3.618832950000000      3.618832950000000     78.845809     0.000000      0.000000000000000      0.000000000000000      1.000000000000000   -1.00      0.000000000000000      0.000000000000000      0.000000000000000    0.0000      0.000000000000000      0.000000000000000      1.000000000000000
 79        4      7.237665900000000      0.000000000000000      0.000000000000000     78.852190     0.000000      0.000000000000000      0.000000000000000      1.000000000000000   -1.00      0.000000000000000      0.000000000000000      0.000000000000000    0.0000      0.000000000000000      0.000000000000000      1.000000000000000
 79        5     10.856498849999999      3.618832950000000      0.000000000000000     78.818638     0.000000      0.000000000000000      0.000000000000000      1.000000000000000   -1.00      0.000000000000000      0.000000000000000      0.000000000000000    0.0000      0.000000000000000      0.000000000000000      1.000000000000000
 79        6     10.856498849999999      0.000000000000000      3.618832950000000     78.808711     0.000000      0.000000000000000      0.000000000000000      1.000000000000000   -1.00      0.000000000000000      0.000000000000000      0.000000000000000    0.0000      0.000000000000000      0.000000000000000      1.000000000000000
 29        7      7.237665900000000      3.618832950000000      3.618832950000000     29.280319     0.000000      0.000000000000000      0.000000000000000      1.000000000000000   -1.00      0.000000000000000      0.000000000000000      0.000000000000000    0.0000      0.000000000000000      0.000000000000000      1.000000000000000
 79        8      0.000000000000000      7.237665900000000      0.000000000000000     78.823601    -0.000000      0.000000000000000      0.000000000000000      1.000000000000000   -1.00      0.000000000000000      0.000000000000000      0.000000000000000    0.0000      0.000000000000000      0.000000000000000      1.000000000000000
 79        9      3.618832950000000     10.856498849999999      0.000000000000000     78.870333     0.000000      0.000000000000000      0.000000000000000      1.000000000000000   -1.00      0.000000000000000      0.000000000000000      0.000000000000000    0.0000      0.000000000000000      0.000000000000000      1.000000000000000
 29       10      3.618832950000000      7.237665900000000      3.618832950000000     29.326890     0.000000      0.000000000000000      0.000000000000000      1.000000000000000   -1.00      0.000000000000000      0.000000000000000      0.000000000000000    0.0000      0.000000000000000      0.000000000000000      1.000000000000000
 79       11      0.000000000000000     10.856498849999999      3.618832950000000     78.864521     0.000000      0.000000000000000      0.000000000000000      1.000000000000000   -1.00      0.000000000000000      0.000000000000000      0.000000000000000    0.0000      0.000000000000000      0.000000000000000      1.000000000000000
 79       12      7.237665900000000      7.237665900000000      0.000000000000000     78.645305     0.000000      0.000000000000000      0.000000000000000      1.000000000000000   -1.00      0.000000000000000      0.000000000000000      0.000000000000000    0.0000      0.000000000000000      0.000000000000000      1.000000000000000
 79       13     10.856498849999999     10.856498849999999      0.000000000000000     78.854893     0.000000      0.000000000000000      0.000000000000000      1.000000000000000   -1.00      0.000000000000000      0.000000000000000      0.000000000000000    0.0000      0.000000000000000      0.000000000000000      1.000000000000000
 29       14     10.856498849999999      7.237665900000000      3.618832950000000     29.327336    -0.000000      0.000000000000000      0.000000000000000      1.000000000000000   -1.00      0.000000000000000      0.000000000000000      0.000000000000000    0.0000      0.000000000000000      0.000000000000000      1.000000000000000
 29       15      7.237665900000000     10.856498849999999      3.618832950000000     29.283207     0.000000      0.000000000000000      0.000000000000000      1.000000000000000   -1.00      0.000000000000000      0.000000000000000      0.000000000000000    0.0000      0.000000000000000      0.000000000000000      1.000000000000000
 29       16      0.000000000000000      0.000000000000000      7.237665900000000     29.390388    -0.000000      0.000000000000000      0.000000000000000      1.000000000000000   -1.00      0.000000000000000      0.000000000000000      0.000000000000000    0.0000      0.000000000000000      0.000000000000000      1.000000000000000
 29       17      3.618832950000000      3.618832950000000      7.237665900000000     29.154051     0.000000      0.000000000000000      0.000000000000000      1.000000000000000   -1.00      0.000000000000000      0.000000000000000      0.000000000000000    0.0000      0.000000000000000      0.000000000000000      1.000000000000000
 79       18      3.618832950000000      0.000000000000000     10.856498849999999     78.755548    -0.000000      0.000000000000000      0.000000000000000      1.000000000000000   -1.00      0.000000000000000      0.000000000000000      0.000000000000000    0.0000      0.000000000000000      0.000000000000000      1.000000000000000
 29       19      0.000000000000000      3.618832950000000     10.856498849999999     29.352265     0.000000      0.000000000000000      0.000000000000000      1.000000000000000   -1.00      0.000000000000000      0.000000000000000      0.000000000000000    0.0000      0.000000000000000      0.000000000000000      1.000000000000000
 29       20      7.237665900000000      0.000000000000000      7.237665900000000     29.222335    -0.000000      0.000000000000000      0.000000000000000      1.000000000000000   -1.00      0.000000000000000      0.000000000000000      0.000000000000000    0.0000      0.000000000000000      0.000000000000000      1.000000000000000
 79       21     10.856498849999999      3.618832950000000      7.237665900000000     78.620197     0.000000      0.000000000000000      0.000000000000000      1.000000000000000   -1.00      0.000000000000000      0.000000000000000      0.000000000000000    0.0000      0.000000000000000      0.000000000000000      1.000000000000000
 79       22     10.856498849999999      0.000000000000000     10.856498849999999     78.756503    -0.000000      0.000000000000000      0.000000000000000      1.000000000000000   -1.00      0.000000000000000      0.000000000000000      0.000000000000000    0.0000      0.000000000000000      0.000000000000000      1.000000000000000
 29       23      7.237665900000000      3.618832950000000     10.856498849999999     29.262692    -0.000000      0.000000000000000      0.000000000000000      1.000000000000000   -1.00      0.000000000000000      0.000000000000000      0.000000000000000    0.0000      0.000000000000000      0.000000000000000      1.000000000000000
 79       24      0.000000000000000      7.237665900000000      7.237665900000000     78.674914     0.000000      0.000000000000000      0.000000000000000      1.000000000000000   -1.00      0.000000000000000      0.000000000000000      0.000000000000000    0.0000      0.000000000000000      0.000000000000000      1.000000000000000
 79       25      3.618832950000000     10.856498849999999      7.237665900000000     78.674007     0.000000      0.000000000000000      0.000000000000000      1.000000000000000   -1.00      0.000000000000000      0.000000000000000      0.000000000000000    0.0000      0.000000000000000      0.000000000000000      1.000000000000000
 29       26      3.618832950000000      7.237665900000000     10.856498849999999     29.276576     0.000000      0.000000000000000      0.000000000000000      1.000000000000000   -1.00      0.000000000000000      0.000000000000000      0.000000000000000    0.0000      0.000000000000000      0.000000000000000      1.000000000000000
 79       27      0.000000000000000     10.856498849999999     10.856498849999999     78.845477     0.000000      0.000000000000000      0.000000000000000      1.000000000000000   -1.00      0.000000000000000      0.000000000000000      0.000000000000000    0.0000      0.000000000000000      0.000000000000000      1.000000000000000
 29       28      7.237665900000000      7.237665900000000      7.237665900000000     29.032014    -0.000000      0.000000000000000      0.000000000000000      1.000000000000000   -1.00      0.000000000000000      0.000000000000000      0.000000000000000    0.0000      0.000000000000000      0.000000000000000      1.000000000000000
 29       29     10.856498849999999     10.856498849999999      7.237665900000000     29.205268    -0.000000      0.000000000000000      0.000000000000000      1.000000000000000   -1.00      0.000000000000000      0.000000000000000      0.000000000000000    0.0000      0.000000000000000      0.000000000000000      1.000000000000000
 29       30     10.856498849999999      7.237665900000000     10.856498849999999     29.277232    -0.000000      0.000000000000000      0.000000000000000      1.000000000000000   -1.00      0.000000000000000      0.000000000000000      0.000000000000000    0.0000      0.000000000000000      0.000000000000000      1.000000000000000
 29       31      7.237665900000000     10.856498849999999     10.856498849999999     29.279793     0.000000      0.000000000000000      0.000000000000000      1.000000000000000   -1.00      0.000000000000000      0.000000000000000      0.000000000000000    0.0000      0.000000000000000      0.000000000000000      1.000000000000000
