-731590.104480030713603 115.761390588709261 0.626310709840775
 79        0      0.000000000000000      0.000000000000000      0.000000000000000     78.752596     0.000000      0.000000000000000      0.000000000000000      1.000000000000000   -1.00      0.000000000000000      0.000000000000000      0.000000000000000    0.0000      0.000000000000000      0.000000000000000      1.000000000000000
 29        1      3.618832950000000      3.618832950000000      0.000000000000000     29.352379     0.000000      0.000000000000000      0.000000000000000      1.000000000000000   -1.00      0.000000000000000      0.000000000000000      0.000000000000000    0.0000      0.000000000000000      0.000000000000000      1.000000000000000
 79        2      3.618832950000000      0.000000000000000      3.618832950000000     78.768207     0.000000      0.000000000000000      0.000000000000000      1.000000000000000   -1.00      0.000000000000000      0.000000000000000      0.000000000000000    0.0000      0.000000000000000      0.000000000000000      1.000000000000000
 29        3      0.000000000000000      3.618832950000000      3.618832950000000     29.446556    -0.000000      0.000000000000000      0.000000000000000      1.000000000000000   -1.00      0.000000000000000      0.000000000000000      0.000000000000000    0.0000      0.000000000000000      0.000000000000000      1.000000000000000
 29        4      7.237665900000000      0.000000000000000      0.000000000000000     29.240936    -0.000000      0.000000000000000      0.000000000000000      1.000000000000000   -1.00      0.000000000000000      0.000000000000000      0.000000000000000    0.0000      0.000000000000000      0.000000000000000      1.000000000000000
 79        5     10.856498849999999      3.618832950000000      0.000000000000000     78.739801     0.000000      0.000000000000000      0.000000000000000      1.000000000000000   -1.00      0.000000000000000      0.000000000000000      0.000000000000000    0.0000      0.000000000000000      0.000000000000000      1.000000000000000
 79        6     10.856498849999999      0.000000000000000      3.618832950000000     78.782277     0.000000      0.000000000000000      0.000000000000000      1.000000000000000   -1.00      0.000000000000000      0.000000000000000      0.000000000000000    0.0000      0.000000000000000      0.000000000000000      1.000000000000000
 29        7      7.237665900000000      3.618832950000000      3.618832950000000     29.296758     0.000000      0.000000000000000      0.000000000000000      1.000000000000000   -1.00      0.000000000000000      0.000000000000000      0.000000000000000    0.0000      0.000000000000000      0.000000000000000      1.000000000000000
 79        8      0.000000000000000      7.237665900000000      0.000000000000000     78.749433     0.000000      0.000000000000000      0.000000000000000      1.000000000000000   -1.00      0.000000000000000      0.000000000000000      0.000000000000000    0.0000      0.000000000000000      0.000000000000000      1.000000000000000
 29        9      3.618832950000000     10.856498849999999      0.000000000000000     29.313834    -0.000000      0.000000000000000      0.000000000000000      1.000000000000000   -1.00      0.000000000000000      0.000000000000000      0.000000000000000    0.0000      0.000000000000000      0.000000000000000      1.000000000000000
 79       10      3.618832950000000      7.237665900000000      3.618832950000000     78.699839     0.000000      0.000000000000000      0.000000000000000      1.000000000000000   -1.00      0.000000000000000      0.000000000000000      0.000000000000000    0.0000      0.000000000000000      0.000000000000000      1.000000000000000
 79       11      0.000000000000000     10.856498849999999      3.618832950000000     78.784953     0.000000      0.000000000000000      0.000000000000000      1.000000000000000   -1.00      0.000000000000000      0.000000000000000      0.000000000000000    0.0000      0.000000000000000      0.000000000000000      1.000000000000000
 29       12      7.237665900000000      7.237665900000000      0.000000000000000     29.223327     0.000000      0.000000000000000      0.000000000000000      1.000000000000000   -1.00      0.000000000000000      0.000000000000000      0.000000000000000    0.0000      0.000000000000000      0.000000000000000      1.000000000000000
 29       13     10.856498849999999     10.856498849999999      0.000000000000000     29.229112    -0.000000      0.000000000000000      0.000000000000000      1.000000000000000   -1.00      0.000000000000000      0.000000000000000      0.000000000000000    0.0000      0.000000000000000      0.000000000000000      1.000000000000000
 29       14     10.856498849999999      7.237665900000000      3.618832950000000     29.257984     0.000000      0.000000000000000      0.000000000000000      1.000000000000000   -1.00      0.000000000000000      0.000000000000000      0.000000000000000    0.0000      0.000000000000000      0.000000000000000      1.000000000000000
 79       15      7.237665900000000     10.856498849999999      3.618832950000000     78.624647     0.000000      0.000000000000000      0.000000000000000      1.000000000000000   -1.00      0.000000000000000      0.000000000000000      0.000000000000000    0.0000      0.000000000000000      0.000000000000000      1.000000000000000
 79       16      0.000000000000000      0.000000000000000      7.237665900000000     78.824679     0.000000      0.000000000000000      0.000000000000000      1.000000000000000   -1.00      0.000000000000000      0.000000000000000      0.000000000000000    0.0000      0.000000000000000      0.000000000000000      1.000000000000000
 79       17      3.618832950000000      3.618832950000000      7.237665900000000     78.896151     0.000000      0.000000000000000      0.000000000000000      1.000000000000000   -1.00      0.000000000000000      0.000000000000000      0.000000000000000    0.0000      0.000000000000000      0.000000000000000      1.000000000000000
 79       18      3.618832950000000      0.000000000000000     10.856498849999999     78.748869     0.000000      0.000000000000000      0.000000000000000      1.000000000000000   -1.00      0.000000000000000      0.000000000000000      0.000000000000000    0.0000      0.000000000000000      0.000000000000000      1.000000000000000
 79       19      0.000000000000000      3.618832950000000     10.856498849999999     78.940074     0.000000      0.000000000000000      0.000000000000000      1.000000000000000   -1.00      0.000000000000000      0.000000000000000      0.000000000000000    0.0000      0.000000000000000      0.000000000000000      1.000000000000000
 79       20      7.237665900000000      0.000000000000000      7.237665900000000     78.781736     0.000000      0.000000000000000      0.000000000000000      1.000000000000000   -1.00      0.000000000000000      0.000000000000000      0.000000000000000    0.0000      0.000000000000000      0.000000000000000      1.000000000000000
 79       21     10.856498849999999      3.618832950000000      7.237665900000000     78.811015     0.000000      0.000000000000000      0.000000000000000      1.000000000000000   -1.00      0.000000000000000      0.000000000000000      0.000000000000000    0.0000      0.000000000000000      0.000000000000000      1.000000000000000
 29       22     10.856498849999999      0.000000000000000     10.856498849999999     29.305310    -0.000000      0.000000000000000      0.000000000000000      1.000000000000000   -1.00      0.000000000000000      0.000000000000000      0.000000000000000    0.0000      0.000000000000000      0.000000000000000      1.000000000000000
 79       23      7.237665900000000      3.618832950000000     10.856498849999999     78.785806     0.000000      0.000000000000000      0.000000000000000      1.000000000000000   -1.00      0.000000000000000      0.000000000000000      0.000000000000000    0.0000      0.000000000000000      0.000000000000000      1.000000000000000
 79       24      0.000000000000000      7.237665900000000      7.237665900000000     78.805573     0.000000      0.000000000000000      0.000000000000000      1.000000000000000   -1.00      0.000000000000000      0.000000000000000      0.000000000000000    0.0000      0.000000000000000      0.000000000000000      1.000000000000000
 29       25      3.618832950000000     10.856498849999999      7.237665900000000     29.380957     0.000000      0.000000000000000      0.000000000000000      1.000000000000000   -1.00      0.000000000000000      0.000000000000000      0.000000000000000    0.0000      0.000000000000000      0.000000000000000      1.000000000000000
 79       26      3.618832950000000      7.237665900000000     10.856498849999999     78.713676     0.000000      0.000000000000000      0.000000000000000      1.000000000000000   -1.00      0.000000000000000      0.000000000000000      0.000000000000000    0.0000      0.000000000000000      0.000000000000000      1.000000000000000
 29       27      0.000000000000000     10.856498849999999     10.856498849999999     29.298413     0.000000      0.000000000000000      0.000000000000000      1.000000000000000   -1.00      0.000000000000000      0.000000000000000      0.000000000000000    0.0000      0.000000000000000      0.000000000000000      1.000000000000000
 29       28      7.237665900000000      7.237665900000000      7.237665900000000     29.291611    -0.000000      0.000000000000000      0.000000000000000      1.000000000000000   -1.00      0.000000000000000      0.000000000000000      0.000000000000000    0.0000      0.000000000000000      0.000000000000000      1.000000000000000
 29       29     10.856498849999999     10.856498849999999      7.237665900000000     29.282998     0.000000      0.000000000000000      0.000000000000000      1.000000000000000   -1.00      0.000000000000000      0.000000000000000      0.000000000000000    0.0000      0.000000000000000      0.000000000000000      1.000000000000000
 79       30     10.856498849999999      7.237665900000000     10.856498849999999     78.725870     0.000000      0.000000000000000      0.000000000000000      1.000000000000000   -1.00      0.000000000000000      0.000000000000000      0.000000000000000    0.0000      0.000000000000000      0.000000000000000      1.000000000000000
 29       31      7.237665900000000     10.856498849999999     10.856498849999999     29.144623    -0.000000      0.000000000000000      0.000000000000000      1.000000000000000   -1.00      0.000000000000000      0.000000000000000      0.000000000000000    0.0000      0.000000000000000      0.000000000000000      1.000000000000000
