-731590.003460928215645 115.698659434367585 0.626531239708153
 29        0      0.000000000000000      0.000000000000000      0.000000000000000     29.255482    -0.000000      0.000000000000000      0.000000000000000      1.000000000000000   -1.00      0.000000000000000      0.000000000000000      0.000000000000000    0.0000      0.000000000000000      0.000000000000000      1.000000000000000
 29        1      3.618832950000000      3.618832950000000      0.000000000000000     29.230143    -0.000000      0.000000000000000      0.000000000000000      1.000000000000000   -1.00      0.000000000000000      0.000000000000000      0.000000000000000    0.0000      0.000000000000000      0.000000000000000      1.000000000000000
 79        2      3.618832950000000      0.000000000000000      3.618832950000000     78.734852     0.000000      0.000000000000000      0.000000000000000      1.000000000000000   -1.00      0.000000000000000      0.000000000000000      0.000000000000000    0.0000      0.000000000000000      0.000000000000000      1.000000000000000
 29        3      0.000000000000000      3.618832950000000      3.618832950000000     29.281273     0.000000      0.000000000000000      0.000000000000000      1.000000000000000   -1.00      0.000000000000000      0.000000000000000      0.000000000000000    0.0000      0.000000000000000      0.000000000000000      1.000000000000000
 79        4      7.237665900000000      0.000000000000000      0.000000000000000     78.726936     0.000000      0.000000000000000      0.000000000000000      1.000000000000000   -1.00      0.000000000000000      0.000000000000000      0.000000000000000    0.0000      0.000000000000000      0.000000000000000      1.000000000000000
 29        5     10.856498849999999      3.618832950000000      0.000000000000000     29.245323     0.000000      0.000000000000000      0.000000000000000      1.000000000000000   -1.00      0.000000000000000      0.000000000000000      0.000000000000000    0.0000      0.000000000000000      0.000000000000000      1.000000000000000
 79        6     10.856498849999999      0.000000000000000      3.618832950000000     78.751221     0.000000      0.000000000000000      0.000000000000000      1.000000000000000   -1.00      0.000000000000000      0.000000000000000      0.000000000000000    0.0000      0.000000000000000      0.000000000000000      1.000000000000000
 29        7      7.237665900000000      3.618832950000000      3.618832950000000     29.295655    -0.000000      0.000000000000000      0.000000000000000      1.000000000000000   -1.00      0.000000000000000      0.000000000000000      0.000000000000000    0.0000      0.000000000000000      0.000000000000000      1.000000000000000
 79        8      0.000000000000000      7.237665900000000      0.000000000000000     78.748286     0.000000      0.000000000000000      0.000000000000000      1.000000000000000   -1.00      0.000000000000000      0.000000000000000      0.000000000000000    0.0000      0.000000000000000      0.000000000000000      1.000000000000000
 79        9      3.618832950000000     10.856498849999999      0.000000000000000     78.856406     0.000000      0.000000000000000      0.000000000000000      1.000000000000000   -1.00      0.000000000000000      0.000000000000000      0.000000000000000    0.0000      0.000000000000000      0.000000000000000      1.000000000000000
 29       10      3.618832950000000      7.237665900000000      3.618832950000000     29.365653     0.000000      0.000000000000000      0.000000000000000      1.000000000000000   -1.00      0.000000000000000      0.000000000000000      0.000000000000000    0.0000      0.000000000000000      0.000000000000000      1.000000000000000
 79       11      0.000000000000000     10.856498849999999      3.618832950000000     78.909456     0.000000      0.000000000000000      0.000000000000000      1.000000000000000   -1.00      0.000000000000000      0.000000000000000      0.000000000000000    0.0000      0.000000000000000      0.000000000000000      1.000000000000000
 79       12      7.237665900000000      7.237665900000000      0.000000000000000     78.765180     0.000000      0.000000000000000      0.000000000000000      1.000000000000000   -1.00      0.000000000000000      0.000000000000000      0.000000000000000    0.0000      0.000000000000000      0.000000000000000      1.000000000000000
 79       13     10.856498849999999     10.856498849999999      0.000000000000000     78.841801     0.000000      0.000000000000000      0.000000000000000      1.000000000000000   -1.00      0.000000000000000      0.000000000000000      0.000000000000000    0.0000      0.000000000000000      0.000000000000000      1.000000000000000
 79       14     10.856498849999999      7.237665900000000      3.618832950000000     78.840957     0.000000      0.000000000000000      0.000000000000000      1.000000000000000   -1.00      0.000000000000000      0.000000000000000      0.000000000000000    0.0000      0.000000000000000      0.000000000000000      1.000000000000000
 79       15      7.237665900000000     10.856498849999999      3.618832950000000     78.893708     0.000000      0.000000000000000      0.000000000000000      1.000000000000000   -1.00      0.000000000000000      0.000000000000000      0.000000000000000    0.0000      0.000000000000000      0.000000000000000      1.000000000000000
 79       16      0.000000000000000      0.000000000000000      7.237665900000000     78.726830     0.000000      0.000000000000000      0.000000000000000      1.000000000000000   -1.00      0.000000000000000      0.000000000000000      0.000000000000000    0.0000      0.000000000000000      0.000000000000000      1.000000000000000
 29       17      3.618832950000000      3.618832950000000      7.237665900000000     29.244952     0.000000      0.000000000000000      0.000000000000000      1.000000000000000   -1.00      0.000000000000000      0.000000000000000      0.000000000000000    0.0000      0.000000000000000      0.000000000000000      1.000000000000000
 29       18      3.618832950000000      0.000000000000000     10.856498849999999     29.243214    -0.000000      0.000000000000000      0.000000000000000      1.000000000000000   -1.00      0.000000000000000      0.000000000000000      0.000000000000000    0.0000      0.000000000000000      0.000000000000000      1.000000000000000
 29       19      0.000000000000000      3.618832950000000     10.856498849999999     29.192885     0.000000      0.000000000000000      0.000000000000000      1.000000000000000   -1.00      0.000000000000000      0.000000000000000      0.000000000000000    0.0000      0.000000000000000      0.000000000000000      1.000000000000000
 29       20      7.237665900000000      0.000000000000000      7.237665900000000     29.256143     0.000000      0.000000000000000      0.000000000000000      1.000000000000000   -1.00      0.000000000000000      0.000000000000000      0.000000000000000    0.0000      0.000000000000000      0.000000000000000      1.000000000000000
 79       21     10.856498849999999      3.618832950000000      7.237665900000000     78.715736     0.000000      0.000000000000000      0.000000000000000      1.000000000000000   -1.00      0.000000000000000      0.000000000000000      0.000000000000000    0.0000      0.000000000000000      0.000000000000000      1.000000000000000
 29       22     10.856498849999999      0.000000000000000     10.856498849999999     29.228853    -0.000000      0.000000000000000      0.000000000000000      1.000000000000000   -1.00      0.000000000000000      0.000000000000000      0.000000000000000    0.0000      0.000000000000000      0.000000000000000      1.000000000000000
 79       23      7.237665900000000      3.618832950000000     10.856498849999999     78.660169     0.000000      0.000000000000000      0.000000000000000      1.000000000000000   -1.00      0.000000000000000      0.000000000000000      0.000000000000000    0.0000      0.000000000000000      0.000000000000000      1.000000000000000
 79       24      0.000000000000000      7.237665900000000      7.237665900000000     78.765140     0.000000      0.000000000000000      0.000000000000000      1.000000000000000   -1.00      0.000000000000000      0.000000000000000      0.000000000000000    0.0000      0.000000000000000      0.000000000000000      1.000000000000000
 79       25      3.618832950000000     10.856498849999999      7.237665900000000     78.840285     0.000000      0.000000000000000      0.000000000000000      1.000000000000000   -1.00      0.000000000000000      0.000000000000000      0.000000000000000    0.0000      0.000000000000000      0.000000000000000      1.000000000000000
 79       26      3.618832950000000      7.237665900000000     10.856498849999999     78.818429     0.000000      0.000000000000000      0.000000000000000      1.000000000000000   -1.00      0.000000000000000      0.000000000000000      0.000000000000000    0.0000      0.000000000000000      0.000000000000000      1.000000000000000
 79       27      0.000000000000000     10.856498849999999     10.856498849999999     78.789325     0.000000      0.000000000000000      0.000000000000000      1.000000000000000   -1.00      0.000000000000000      0.000000000000000      0.000000000000000    0.0000      0.000000000000000      0.000000000000000      1.000000000000000
 79       28      7.237665900000000      7.237665900000000      7.237665900000000     78.747964     0.000000      0.000000000000000      0.000000000000000      1.000000000000000   -1.00      0.000000000000000      0.000000000000000      0.000000000000000    0.0000      0.000000000000000      0.000000000000000      1.000000000000000
 29       29     10.856498849999999     10.856498849999999      7.237665900000000     29.366197     0.000000      0.000000000000000      0.000000000000000      1.000000000000000   -1.00      0.000000000000000      0.000000000000000      0.000000000000000    0.0000      0.000000000000000      0.000000000000000      1.000000000000000
 29       30     10.856498849999999      7.237665900000000     10.856498849999999     29.345249    -0.000000      0.000000000000000      0.000000000000000      1.000000000000000   -1.00      0.000000000000000      0.000000000000000      0.000000000000000    0.0000      0.000000000000000      0.000000000000000      1.000000000000000
 29       31      7.237665900000000     10.856498849999999     10.856498849999999     29.316294     0.000000      0.000000000000000      0.000000000000000      1.000000000000000   -1.00      0.000000000000000      0.000000000000000      0.000000000000000    0.0000      0.000000000000000      0.000000000000000      1.000000000000000
