-801127.456288586254232 115.083280825298772 0.637565132536802
 29        0      0.000000000000000      0.000000000000000      0.000000000000000     29.304259     0.000000      0.000000000000000      0.000000000000000      1.000000000000000   -1.00      0.000000000000000      0.000000000000000      0.000000000000000    0.0000      0.000000000000000      0.000000000000000      1.000000000000000
 29        1      3.618832950000000      3.618832950000000      0.000000000000000     29.285734     0.000000      0.000000000000000      0.000000000000000      1.000000000000000   -1.00      0.000000000000000      0.000000000000000      0.000000000000000    0.0000      0.000000000000000      0.000000000000000      1.000000000000000
 29        2      3.618832950000000      0.000000000000000      3.618832950000000     29.370389     0.000000      0.000000000000000      0.000000000000000      1.000000000000000   -1.00      0.000000000000000      0.000000000000000      0.000000000000000    0.0000      0.000000000000000      0.000000000000000      1.000000000000000
 79        3      0.000000000000000      3.618832950000000      3.618832950000000     78.646323     0.000000      0.000000000000000      0.000000000000000      1.000000000000000   -1.00      0.000000000000000      0.000000000000000      0.000000000000000    0.0000      0.000000000000000      0.000000000000000      1.000000000000000
 79        4      7.237665900000000      0.000000000000000      0.000000000000000     78.777403     0.000000      0.000000000000000      0.000000000000000      1.000000000000000   -1.00      0.000000000000000      0.000000000000000      0.000000000000000    0.0000      0.000000000000000      0.000000000000000      1.000000000000000
 79        5     10.856498849999999      3.618832950000000      0.000000000000000     78.772751     0.000000      0.000000000000000      0.000000000000000      1.000000000000000   -1.00      0.000000000000000      0.000000000000000      0.000000000000000    0.0000      0.000000000000000      0.000000000000000      1.000000000000000
 29        6     10.856498849999999      0.000000000000000      3.618832950000000     29.420493     0.000000      0.000000000000000      0.000000000000000      1.000000000000000   -1.00      0.000000000000000      0.000000000000000      0.000000000000000    0.0000      0.000000000000000      0.000000000000000      1.000000000000000
 79        7      7.237665900000000      3.618832950000000      3.618832950000000     78.683801     0.000000      0.000000000000000      0.000000000000000      1.000000000000000   -1.00      0.000000000000000      0.000000000000000      0.000000000000000    0.0000      0.000000000000000      0.000000000000000      1.000000000000000
 79        8      0.000000000000000      7.237665900000000      0.000000000000000     78.754704     0.000000      0.000000000000000      0.000000000000000      1.000000000000000   -1.00      0.000000000000000      0.000000000000000      0.000000000000000    0.0000      0.000000000000000      0.000000000000000      1.000000000000000
 29        9      3.618832950000000     10.856498849999999      0.000000000000000     29.288168     0.000000      0.000000000000000      0.000000000000000      1.000000000000000   -1.00      0.000000000000000      0.000000000000000      0.000000000000000    0.0000      0.000000000000000      0.000000000000000      1.000000000000000
 29       10      3.618832950000000      7.237665900000000      3.618832950000000     29.320247     0.000000      0.000000000000000      0.000000000000000      1.000000000000000   -1.00      0.000000000000000      0.000000000000000      0.000000000000000    0.0000      0.000000000000000      0.000000000000000      1.000000000000000
 79       11      0.000000000000000     10.856498849999999      3.618832950000000     78.683811     0.000000      0.000000000000000      0.000000000000000      1.000000000000000   -1.00      0.000000000000000      0.000000000000000      0.000000000000000    0.0000      0.000000000000000      0.000000000000000      1.000000000000000
 29       12      7.237665900000000      7.237665900000000      0.000000000000000     29.303278    -0.000000      0.000000000000000      0.000000000000000      1.000000000000000   -1.00      0.000000000000000      0.000000000000000      0.000000000000000    0.0000      0.000000000000000      0.000000000000000      1.000000000000000
 79       13     10.856498849999999     10.856498849999999      0.000000000000000     78.791867     0.000000      0.000000000000000      0.000000000000000      1.000000000000000   -1.00      0.000000000000000      0.000000000000000      0.000000000000000    0.0000      0.000000000000000      0.000000000000000      1.000000000000000
 29       14     10.856498849999999      7.237665900000000      3.618832950000000     29.370929    -0.000000      0.000000000000000      0.000000000000000      1.000000000000000   -1.00      0.000000000000000      0.000000000000000      0.000000000000000    0.0000      0.000000000000000      0.000000000000000      1.000000000000000
 79       15      7.237665900000000     10.856498849999999      3.618832950000000     78.754236     0.000000      0.000000000000000      0.000000000000000      1.000000000000000   -1.00      0.000000000000000      0.000000000000000      0.000000000000000    0.0000      0.000000000000000      0.000000000000000      1.000000000000000
 79       16      0.000000000000000      0.000000000000000      7.237665900000000     78.829771     0.000000      0.000000000000000      0.000000000000000      1.000000000000000   -1.00      0.000000000000000      0.000000000000000      0.000000000000000    0.0000      0.000000000000000      0.000000000000000      1.000000000000000
 79       17      3.618832950000000      3.618832950000000      7.237665900000000     78.826182     0.000000      0.000000000000000      0.000000000000000      1.000000000000000   -1.00      0.000000000000000      0.000000000000000      0.000000000000000    0.0000      0.000000000000000      0.000000000000000      1.000000000000000
 79       18      3.618832950000000      0.000000000000000     10.856498849999999     78.795951     0.000000      0.000000000000000      0.000000000000000      1.000000000000000   -1.00      0.000000000000000      0.000000000000000      0.000000000000000    0.0000      0.000000000000000      0.000000000000000      1.000000000000000
 79       19      0.000000000000000      3.618832950000000     10.856498849999999     78.818042     0.000000      0.000000000000000      0.000000000000000      1.000000000000000   -1.00      0.000000000000000      0.000000000000000      0.000000000000000    0.0000      0.000000000000000      0.000000000000000      1.000000000000000
 79       20      7.237665900000000      0.000000000000000      7.237665900000000     78.863749     0.000000      0.000000000000000      0.000000000000000      1.000000000000000   -1.00      0.000000000000000      0.000000000000000      0.000000000000000    0.0000      0.000000000000000      0.000000000000000      1.000000000000000
 29       21     10.856498849999999      3.618832950000000      7.237665900000000     29.357782     0.000000      0.000000000000000      0.000000000000000      1.000000000000000   -1.00      0.000000000000000      0.000000000000000      0.000000000000000    0.0000      0.000000000000000      0.000000000000000      1.000000000000000
 79       22     10.856498849999999      0.000000000000000     10.856498849999999     78.848944     0.000000      0.000000000000000      0.000000000000000      1.000000000000000   -1.00      0.000000000000000      0.000000000000000      0.000000000000000    0.0000      0.000000000000000      0.000000000000000      1.000000000000000
 29       23      7.237665900000000      3.618832950000000     10.856498849999999     29.397306    -0.000000      0.000000000000000      0.000000000000000      1.000000000000000   -1.00      0.000000000000000      0.000000000000000      0.000000000000000    0.0000      0.000000000000000      0.000000000000000      1.000000000000000
 29       24      0.000000000000000      7.237665900000000      7.237665900000000     29.354070    -0.000000      0.000000000000000      0.000000000000000      1.000000000000000   -1.00      0.000000000000000      0.000000000000000      0.000000000000000    0.0000      0.000000000000000      0.000000000000000      1.000000000000000
 79       25      3.618832950000000     10.856498849999999      7.237665900000000     78.844267     0.000000      0.000000000000000      0.000000000000000      1.000000000000000   -1.00      0.000000000000000      0.000000000000000      0.000000000000000    0.0000      0.000000000000000      0.000000000000000      1.000000000000000
 79       26      3.618832950000000      7.237665900000000     10.856498849999999     78.743300     0.000000      0.000000000000000      0.000000000000000      1.000000000000000   -1.00      0.000000000000000      0.000000000000000      0.000000000000000    0.0000      0.000000000000000      0.000000000000000      1.000000000000000
 29       27      0.000000000000000     10.856498849999999     10.856498849999999     29.397307     0.000000      0.000000000000000      0.000000000000000      1.000000000000000   -1.00      0.000000000000000      0.000000000000000      0.000000000000000    0.0000      0.000000000000000      0.000000000000000      1.000000000000000
 79       28      7.237665900000000      7.237665900000000      7.237665900000000     78.828644     0.000000      0.000000000000000      0.000000000000000      1.000000000000000   -1.00      0.000000000000000      0.000000000000000      0.000000000000000    0.0000      0.000000000000000      0.000000000000000      1.000000000000000
 79       29     10.856498849999999     10.856498849999999      7.237665900000000     78.848249     0.000000      0.000000000000000      0.000000000000000      1.000000000000000   -1.00      0.000000000000000      0.000000000000000      0.000000000000000    0.0000      0.000000000000000      0.000000000000000      1.000000000000000
 79       30     10.856498849999999      7.237665900000000     10.856498849999999     78.795893     0.000000      0.000000000000000      0.000000000000000      1.000000000000000   -1.00      0.000000000000000      0.000000000000000      0.000000000000000    0.0000      0.000000000000000      0.000000000000000      1.000000000000000
 79       31      7.237665900000000     10.856498849999999     10.856498849999999     78.922149     0.000000      0.000000000000000      0.000000000000000      1.000000000000000   -1.00      0.000000000000000      0.000000000000000      0.000000000000000    0.0000      0.000000000000000      0.000000000000000      1.000000000000000
